(base) baddou@Mounias-MacBook-Pro TP6 % mpicc -o exo1 exo1.c
(base) baddou@Mounias-MacBook-Pro TP6 % mpirun -np 2 ./exo1 
Process 0 - Original matrix:
  1   2   3   4   5 
  6   7   8   9  10 
 11  12  13  14  15 
 16  17  18  19  20 

Process 1 - Transposed matrix:
  1   6  11  16 
  2   7  12  17 
  3   8  13  18 
  4   9  14  19 
  5  10  15  20 
